['Cb7', 1, [84, 31, 63], 7.0, 7.0]
['Cb7', 2, [118, 49, 78], 6.5, 6.5]
['Cb7', 3, [148, 69, 90], 6.0, 6.0]
['Cb7', 4, [173, 93, 100], 5.5, 5.5]
['Cb7', 5, [194, 120, 112], 5.0, 5.0]
['Cb7', 6, [207, 148, 126], 4.5, 4.5]
['Cb7', 7, [218, 178, 149], 4.0, 4.0]
['Cb7', 8, [228, 204, 176], 3.5, 3.5]
['Cb4', 1, [77, 26, 137], 400.0, 400.0]
['Cb4', 2, [106, 82, 163], 395.0, 395.0]
['Cb4', 3, [135, 132, 189], 390.0, 390.0]
['Cb4', 4, [175, 174, 212], 385.0, 385.0]
['Cb4', 5, [213, 213, 232], 380.0, 380.0]
['Cb4', 6, [241, 239, 246], 375.0, 375.0]
['Cb5', 1, [255, 245, 200], 36.0, 36.0]
['Cb5', 2, [255, 231, 119], 35.0, 35.0]
['Cb5', 3, [255, 216, 37], 34.0, 34.0]
['Cb5', 4, [250, 172, 0], 33.0, 33.0]
['Cb5', 5, [242, 104, 0], 32.0, 32.0]
['Cb5', 6, [234, 36, 0], 31.0, 31.0]
['Cb5', 7, [194, 0, 0], 30.0, 30.0]
['Cb5', 8, [120, 0, 0], 29.0, 29.0]
['Cb5', 9, [46, 0, 0], 28.0, 28.0]
['map_4', 1, [200, 200, 200], 40.3, 50.1]
['map_4', 2, [94, 77, 118], 51.2, 61.0]
['map_4', 3, [147, 131, 130], 62.0, 71.6]
['map_4', 4, [200, 184, 141], 72.5, 82.5]
['Cb8', 1, [235, 75, 64], 46.0, 46.0]
['Cb8', 2, [238, 100, 74], 44.0, 44.0]
['Cb8', 3, [240, 122, 86], 42.0, 42.0]
['Cb8', 4, [243, 142, 100], 40.0, 40.0]
['Cb8', 5, [245, 161, 117], 38.0, 38.0]
['Cb8', 6, [247, 179, 137], 36.0, 36.0]
['Cb8', 7, [249, 195, 157], 34.0, 34.0]
['Cb8', 8, [251, 212, 179], 32.0, 32.0]
['Cb9', 1, [137, 87, 161], 22.0, 22.0]
['Cb9', 2, [179, 94, 154], 20.0, 20.0]
['Cb9', 3, [211, 106, 144], 18.0, 18.0]
['Cb9', 4, [233, 125, 134], 16.0, 16.0]
['Cb9', 5, [244, 150, 128], 14.0, 14.0]
['Cb9', 6, [249, 176, 128], 12.0, 12.0]
['Cb9', 7, [248, 204, 137], 10.0, 10.0]
['Cb9', 8, [243, 231, 155], 8.0, 8.0]
['Cb3', 1, [242, 90, 87], 40.0, 40.0]
['Cb3', 2, [248, 114, 86], 35.0, 35.0]
['Cb3', 3, [247, 139, 90], 30.0, 30.0]
['Cb3', 4, [244, 164, 101], 25.0, 25.0]
['Cb3', 5, [240, 188, 119], 20.0, 20.0]
['Cb3', 6, [237, 211, 145], 15.0, 15.0]
['map_8', 1, [238, 77, 90], 78.0, 86.0]
['map_8', 2, [237, 147, 122], 70.0, 76.0]
['map_8', 3, [236, 218, 154], 61.0, 69.0]
['map_10', 1, [37, 125, 152], 7920264.0, 8002936.0]
['map_10', 2, [83, 164, 164], 7811458.0, 7859166.0]
['map_10', 3, [129, 203, 176], 7668882.0, 7761001.0]
['map_10', 4, [176, 242, 188], 7548477.0, 7658039.0]
['Cb6', 1, [37, 127, 152], 4000.0, 4000.0]
['Cb6', 2, [43, 149, 159], 3500.0, 3500.0]
['Cb6', 3, [52, 170, 162], 3000.0, 3000.0]
['Cb6', 4, [67, 190, 163], 2500.0, 2500.0]
['Cb6', 5, [86, 207, 163], 2000.0, 2000.0]
['Cb6', 6, [107, 220, 166], 1500.0, 1500.0]
['Cb6', 7, [135, 231, 171], 1000.0, 1000.0]
['Cb6', 8, [167, 239, 184], 500.0, 500.0]
['Cb1', 1, [0, 94, 38], 54.0, 54.0]
['Cb1', 2, [18, 125, 57], 52.0, 52.0]
['Cb1', 3, [46, 152, 86], 50.0, 50.0]
['Cb1', 4, [73, 178, 128], 48.0, 48.0]
['Cb1', 5, [105, 195, 166], 46.0, 46.0]
['Cb1', 6, [149, 214, 198], 44.0, 44.0]
['Cb1', 7, [192, 231, 223], 42.0, 42.0]
['Cb1', 8, [219, 241, 242], 40.0, 40.0]
['Cb1', 9, [237, 248, 250], 38.0, 38.0]
['map_5', 1, [255, 247, 251], 44750.0, 133420.0]
['map_5', 2, [170, 183, 196], 141467.0, 218509.0]
['map_5', 3, [86, 119, 142], 225260.0, 264526.0]
['map_5', 4, [2, 56, 88], 271741.0, 440285.0]
['map_3', 1, [17, 36, 20], 67.3, 67.7]
['map_3', 2, [214, 249, 207], 66.9, 67.2]
['map_1', 1, [29, 79, 96], 18.0, 22.0]
['map_1', 2, [84, 129, 129], 15.0, 17.0]
['map_1', 3, [140, 179, 162], 12.0, 14.0]
['map_1', 4, [196, 230, 195], 2.0, 11.0]
['map_2', 1, [146, 87, 104], 29.5, 30.1]
['map_2', 2, [181, 135, 135], 28.9, 29.3]
['map_2', 3, [216, 182, 166], 28.1, 28.5]
['map_2', 4, [251, 230, 197], 27.3, 28.0]
['Cb2', 1, [93, 13, 32], 80.0, 80.0]
['Cb2', 2, [154, 25, 38], 70.0, 70.0]
['Cb2', 3, [190, 85, 57], 60.0, 60.0]
['Cb2', 4, [209, 142, 120], 50.0, 50.0]
['Cb2', 5, [226, 199, 192], 40.0, 40.0]
['Cb10', 1, [109, 129, 158], 70.0, 70.0]
['Cb10', 2, [11, 118, 51], 65.0, 65.0]
['Cb10', 3, [52, 158, 96], 60.0, 60.0]
['Cb10', 4, [97, 191, 157], 55.0, 55.0]
['Cb10', 5, [160, 219, 205], 50.0, 50.0]
['Cb10', 6, [215, 240, 238], 45.0, 45.0]
['Cb10', 7, [241, 249, 251], 40.0, 40.0]
['map_7', 1, [255, 255, 255], 667891.0, 674798.0]
['map_7', 2, [255, 255, 255], 660425.0, 667289.0]
