['Cb7', 1, [84, 31, 63], 7.0, 'M']
['Cb7', 2, [118, 49, 78], 6.5, 'M']
['Cb7', 3, [148, 69, 90], 6.0, 'M']
['Cb7', 4, [173, 93, 100], 5.5, 'M']
['Cb7', 5, [194, 120, 112], 5.0, 'M']
['Cb7', 6, [207, 148, 126], 4.5, 'M']
['Cb7', 7, [218, 178, 149], 4.0, 'M']
['Cb7', 8, [228, 204, 176], 3.5, 'M']
['Cb4', 1, [77, 26, 137], 400.0, 'k']
['Cb4', 2, [106, 82, 163], 395.0, 'k']
['Cb4', 3, [135, 132, 189], 390.0, 'k']
['Cb4', 4, [175, 174, 212], 385.0, 'k']
['Cb4', 5, [213, 213, 232], 380.0, 'k']
['Cb4', 6, [241, 239, 246], 375.0, 'k']
['Cb5', 1, [255, 245, 200], 36.0, 'u']
['Cb5', 2, [255, 231, 119], 35.0, 'u']
['Cb5', 3, [255, 216, 37], 34.0, 'u']
['Cb5', 4, [250, 172, 0], 33.0, 'u']
['Cb5', 5, [242, 104, 0], 32.0, 'u']
['Cb5', 6, [234, 36, 0], 31.0, 'u']
['Cb5', 7, [194, 0, 0], 30.0, 'u']
['Cb5', 8, [120, 0, 0], 29.0, 'u']
['Cb5', 9, [46, 0, 0], 28.0, 'u']
['map_4', 1, [200, 200, 200], 45.2, '%']
['map_4', 2, [94, 77, 118], 56.1, '%']
['map_4', 3, [147, 131, 130], 66.8, '%']
['map_4', 4, [200, 184, 141], 77.5, '%']
['Cb8', 1, [235, 75, 64], 46.0, 'u']
['Cb8', 2, [238, 100, 74], 44.0, 'u']
['Cb8', 3, [240, 122, 86], 42.0, 'u']
['Cb8', 4, [243, 142, 100], 40.0, 'u']
['Cb8', 5, [245, 161, 117], 38.0, 'u']
['Cb8', 6, [247, 179, 137], 36.0, 'u']
['Cb8', 7, [249, 195, 157], 34.0, 'u']
['Cb8', 8, [251, 212, 179], 32.0, 'u']
['Cb9', 1, [137, 87, 161], 22.0, 'u']
['Cb9', 2, [179, 94, 154], 20.0, 'u']
['Cb9', 3, [211, 106, 144], 18.0, 'u']
['Cb9', 4, [233, 125, 134], 16.0, 'u']
['Cb9', 5, [244, 150, 128], 14.0, 'u']
['Cb9', 6, [249, 176, 128], 12.0, 'u']
['Cb9', 7, [248, 204, 137], 10.0, 'u']
['Cb9', 8, [243, 231, 155], 8.0, 'u']
['Cb3', 1, [242, 90, 87], 40.0, 'u']
['Cb3', 2, [248, 114, 86], 35.0, 'u']
['Cb3', 3, [247, 139, 90], 30.0, 'u']
['Cb3', 4, [244, 164, 101], 25.0, 'u']
['Cb3', 5, [240, 188, 119], 20.0, 'u']
['Cb3', 6, [237, 211, 145], 15.0, 'u']
['map_8', 1, [238, 77, 90], 82.0, 'u']
['map_8', 2, [237, 147, 122], 73.0, 'u']
['map_8', 3, [236, 218, 154], 65.0, 'u']
['map_10', 1, [37, 125, 152], 7961600.0, 'u']
['map_10', 2, [83, 164, 164], 7835312.0, 'u']
['map_10', 3, [129, 203, 176], 7714941.5, 'u']
['map_10', 4, [176, 242, 188], 7603258.0, 'u']
['Cb6', 1, [37, 127, 152], 4000.0, 'u']
['Cb6', 2, [43, 149, 159], 3500.0, 'u']
['Cb6', 3, [52, 170, 162], 3000.0, 'u']
['Cb6', 4, [67, 190, 163], 2500.0, 'u']
['Cb6', 5, [86, 207, 163], 2000.0, 'u']
['Cb6', 6, [107, 220, 166], 1500.0, 'u']
['Cb6', 7, [135, 231, 171], 1000.0, 'u']
['Cb6', 8, [167, 239, 184], 500.0, 'u']
['Cb1', 1, [0, 94, 38], 54.0, 'u']
['Cb1', 2, [18, 125, 57], 52.0, 'u']
['Cb1', 3, [46, 152, 86], 50.0, 'u']
['Cb1', 4, [73, 178, 128], 48.0, 'u']
['Cb1', 5, [105, 195, 166], 46.0, 'u']
['Cb1', 6, [149, 214, 198], 44.0, 'u']
['Cb1', 7, [192, 231, 223], 42.0, 'u']
['Cb1', 8, [219, 241, 242], 40.0, 'u']
['Cb1', 9, [237, 248, 250], 38.0, 'u']
['map_5', 1, [255, 247, 251], 89085.0, 'u']
['map_5', 2, [170, 183, 196], 179988.0, 'u']
['map_5', 3, [86, 119, 142], 244893.0, 'u']
['map_5', 4, [2, 56, 88], 356013.0, 'u']
['map_3', 1, [17, 36, 20], 67.5, '%']
['map_3', 2, [214, 249, 207], 67.05000000000001, '%']
['map_1', 1, [29, 79, 96], 20.0, 'u']
['map_1', 2, [84, 129, 129], 16.0, 'u']
['map_1', 3, [140, 179, 162], 13.0, 'u']
['map_1', 4, [196, 230, 195], 6.5, 'u']
['map_2', 1, [146, 87, 104], 29.8, '%']
['map_2', 2, [181, 135, 135], 29.1, '%']
['map_2', 3, [216, 182, 166], 28.3, '%']
['map_2', 4, [251, 230, 197], 27.65, '%']
['Cb2', 1, [93, 13, 32], 80.0, 'u']
['Cb2', 2, [154, 25, 38], 70.0, 'u']
['Cb2', 3, [190, 85, 57], 60.0, 'u']
['Cb2', 4, [209, 142, 120], 50.0, 'u']
['Cb2', 5, [226, 199, 192], 40.0, 'u']
['Cb10', 1, [109, 129, 158], 70.0, 'u']
['Cb10', 2, [11, 118, 51], 65.0, 'u']
['Cb10', 3, [52, 158, 96], 60.0, 'u']
['Cb10', 4, [97, 191, 157], 55.0, 'u']
['Cb10', 5, [160, 219, 205], 50.0, 'u']
['Cb10', 6, [215, 240, 238], 45.0, 'u']
['Cb10', 7, [241, 249, 251], 40.0, 'u']
['map_7', 1, [255, 255, 255], 671344.5, 'u']
['map_7', 2, [255, 255, 255], 663857.0, 'u']
